squares
floor [(530, 220), (530, 330), (760, 330), (760, 220)]
floor [(620, 80), (620, 220), (760, 220), (760, 80)]
floor [(660, 40), (660, 80), (760, 80), (760, 40)]
npc [(620, 40), (620, 80), (660, 80), (660, 40)]
door [(530, 230), (530, 320), (580, 320), (580, 230)]

isometrics
floor [(310, 375), (200, 430), (430, 545), (540, 490)]
floor [(540, 350), (400, 420), (540, 490), (680, 420)]
floor [(620, 350), (580, 370), (680, 420), (720, 400)]
npc [(580, 330), (540, 350), (580, 370), (620, 350)]
door [(300, 380), (210, 425), (260, 450), (350, 405)]

square_point
(690, 160)

isometric_point
(530, 425)
