squares
[(530, 180), (530, 380), (580, 380), (580, 180)]
[(390, 180), (390, 380), (430, 380), (430, 180)]
[(430, 330), (430, 380), (530, 380), (530, 330)]
[(430, 180), (430, 230), (530, 230), (530, 180)]
[(460, 110), (460, 180), (520, 180), (520, 110)]
[(350, 30), (350, 110), (630, 110), (630, 30)]
[(350, -170), (350, 30), (460, 30), (460, -170)]
[(530, -170), (530, 30), (630, 30), (630, -170)]
[(460, -170), (460, -80), (530, -80), (530, -170)]

isometrics
[(350, 355), (150, 455), (200, 480), (400, 380)]
[(210, 285), (10, 385), (50, 405), (250, 305)]
[(100, 380), (50, 405), (150, 455), (200, 430)]
[(250, 305), (200, 330), (300, 380), (350, 355)]
[(350, 285), (280, 320), (340, 350), (410, 315)]
[(320, 190), (240, 230), (520, 370), (600, 330)]
[(520, 90), (320, 190), (430, 245), (630, 145)]
[(700, 180), (500, 280), (600, 330), (800, 230)]
[(630, 145), (540, 190), (610, 225), (700, 180)]

square_point
(560, 290)

isometric_point
(270, 425)
