squares
floor [(390, 190), (390, 380), (580, 380), (580, 190)]
floor [(460, 120), (460, 190), (530, 190), (530, 120)]
floor [(360, -160), (360, 120), (640, 120), (640, -160)]
door [(620, -40), (620, 0), (640, 0), (640, -40)]

isometrics
floor [(200, 290), (10, 385), (200, 480), (390, 385)]
floor [(340, 290), (270, 325), (340, 360), (410, 325)]
floor [(520, 100), (240, 240), (520, 380), (800, 240)]
door [(660, 290), (620, 310), (640, 320), (680, 300)]

square_point
(590, -30)

isometric_point
(620, 280)
